ncols         1
nrows         127306
xllcorner     0
yllcorner     0
cellsize      16
NODATA_value  -9999
0.687781735416266
0.679751380953734
0.706693972474358
0.696479885057471
0.688896170477535
0.663686946277472
0.640077095912
0.692192246887317
0.685528739695949
0.502402600461676
0.730292178153986
0.739948789915553
0.634031992966485
0.685528739695949
0.674974372979408
0.72256559517888
0.697533195284381
0.774876781670441
0.728612584025719
0.721679671417326
0.637079715762551
0.589182619264661
0.651587339219927
0.673757769970271
0.544051627384961
0.60411068971414
0.645925736589699
0.551096625787241
0.673757769970271
0.63556222613256
0.710589677812674
0.638584620385538
0.705703603476529
0.5812882941586
0.661071335459158
0.682087612139362
0.696479885057471
0.638584620385538
0.683242991985485
0.666262495408641
0.629363206512681
0.698579220158451
0.718078664393502
0.693275473108971
0.655716130819722
0.688896170477535
0.647358317335782
0.0542544559165058
0.662384206772693
0.644481468859522
0.629363206512681
0.703702664747455
0.650188980745905
0.655716130819722
0.201542110385622
0.355139045758417
0.742255856053708
0.654350782823893
0.658414720910679
0.668798896257624
0.644481468859522
0.378143777574172
0.736010509593441
0.674974372979408
0.602304281935672
0.668798896257624
0.661071335459158
0.688896170477535
0.673757769970271
0.666262495408641
0.655716130819722
0.668798896257624
0.6675355333694
0.638584620385538
0.721679671417326
0.712498979286317
0.678570341742491
0.598641556035814
0.740722387317796
0.719890740814405
0.641557295687659
0.721679671417326
0.658414720910679
0.711547487988257
0.652974562419404
0.638584620385538
0.696479885057471
0.725189846659187
0.731124203117368
0.661071335459158
0.694351101963749
0.63556222613256
0.624573757927825
0.732772947134899
0.744522347491935
0.764537706708725
0.723445896853502
0.632488855061433
0.727764917757621
0.659748213678122
0.726053599477395
0.593019195526583
0.659748213678122
0.699618035004275
0.672532025011578
0.690002678083373
0.688896170477535
0.655716130819722
0.568861053356634
0.730292178153986
0.728612584025719
0.702691957201716
0.673757769970271
0.718078664393502
0.622949649276242
0.756648604905331
0.594910736543366
0.702691957201716
0.605900761614268
0.685528739695949
0.63556222613256
0.70167433075314
0.617991903236671
0.513512268702431
0.776033756616281
0.616310221132452
0.678570341742491
0.61965890830854
0.730292178153986
0.70167433075314
0.659748213678122
0.767675878982503
0.659748213678122
0.677380559219757
0.697533195284381
0.743771292378181
0.617991903236671
0.634031992966485
0.605900761614268
0.750375913195809
0.65707073474117
0.624573757927825
0.627780359577388
0.698579220158451
0.692192246887317
0.655716130819722
0.614613667304416
0.751088802383656
0.546424401830406
0.659748213678122
0.731124203117368
0.726053599477395
0.750375913195809
0.65707073474117
0.708654847362723
0.650188980745905
0.699618035004275
0.718987623815882
0.749658928806851
0.718078664393502
0.678570341742491
0.730292178153986
0.715316159092785
0.621311427655918
0.715316159092785
0.753203246618592
0.640077095912
0.718078664393502
0.70767769822998
0.668798896257624
0.661071335459158
0.60767471823384
0.664979670807835
0.761965461047549
0.716242990026529
0.698579220158451
0.687781735416266
0.678570341742491
0.694351101963749
0.658414720910679
0.659748213678122
0.705703603476529
0.690002678083373
0.146830905924224
0.714383253732453
0.616310221132452
0.718078664393502
0.630932648484094
0.794514635056776
0.666262495408641
0.762613776828857
0.650188980745905
0.627780359577388
0.591109906753703
0.22976656001896
0.754593031022926
0.570983235344889
0.679751380953734
0.663686946277472
0.730292178153986
0.731124203117368
0.732772947134899
0.762613776828857
0.505227317307383
0.638584620385538
0.641557295687659
0.587237077345422
0.709625485604125
0.762613776828857
0.73440159421907
0.544051627384961
0.42718660497907
0.655716130819722
0.243143507156548
0.562366638354291
0.661071335459158
0.529276757413195
0.38254915858622
0.718987623815882
0.721679671417326
0.445410691431759
0.186639715083261
0.782190391374224
0.403671828963201
0.438262002579341
0.652974562419404
0.710589677812674
0.716242990026529
0.716242990026529
0.756648604905331
0.687781735416266
0.536781977803908
0.508020144973945
0.609432776216536
0.41566569162362
0.676181935933841
0.566717771749999
0.718078664393502
0.499545445123233
0.40772411859536
0.695419213100218
0.75528206999512
0.648779352382377
0.632488855061433
0.560158134862283
0.740722387317796
0.539230815370606
0.640077095912
0.713444214031738
0.70167433075314
0.663686946277472
0.736807679609292
0.682087612139362
0.705703603476529
0.611175148340132
0.562366638354291
0.793541136012412
0.670052693951422
0.663686946277472
0.598641556035814
0.658414720910679
0.672532025011578
0.740722387317796
0.70064971411162
0.557927228020613
0.647358317335782
0.691101342521088
0.602304281935672
0.730292178153986
0.655716130819722
0.598641556035814
0.655716130819722
0.70064971411162
0.821819799721238
0.652974562419404
0.594910736543366
0.60767471823384
0.705703603476529
0.764537706708725
0.634031992966485
0.651587339219927
0.714383253732453
0.640077095912
0.666262495408641
0.768907850296044
0.65707073474117
0.622949649276242
0.60767471823384
0.630932648484094
0.596784776120115
0.602304281935672
0.716242990026529
0.640077095912
0.736807679609292
0.61965890830854
0.658414720910679
0.63556222613256
0.703702664747455
0.611175148340132
0.670052693951422
0.621311427655918
0.679751380953734
0.510781620441802
0.60411068971414
0.672532025011578
0.591109906753703
0.579267078271261
0.651587339219927
0.513512268702431
0.666262495408641
0.611175148340132
0.758670029102395
0.612902043602347
0.09359563638704
0.513512268702431
0.630932648484094
0.783273594644678
0.705703603476529
0.555673575197646
0.475450135172465
0.524136688216611
0.666262495408641
0.399563706646013
0.712498979286317
0.668798896257624
0.682087612139362
0.622949649276242
0.692192246887317
0.609432776216536
0.430926613104177
0.585273020414874
0.314568462037638
0.496655289289182
0.411721706076671
0.121018578234548
0.721679671417326
0.614613667304416
0.698579220158451
0.637079715762551
0.76065814760736
0.459175771074544
0.663686946277472
0.750375913195809
0.756648604905331
0.72256559517888
0.462510932654846
0.630932648484094
0.677380559219757
0.658414720910679
0.640077095912
0.672532025011578
0.652974562419404
0.624573757927825
0.587237077345422
0.513512268702431
0.222899183814232
0.325182280644311
0.661071335459158
0.668798896257624
0.712498979286317
0.63556222613256
0.659748213678122
0.783273594644678
0.335472404410261
0.720788071537731
0.672532025011578
0.634031992966485
0.61965890830854
0.739170562388395
0.319916780349217
0.475450135172465
0.5812882941586
0.256063740810846
0.697533195284381
0.42718660497907
0.702691957201716
0.696479885057471
0.668798896257624
0.713444214031738
0.670052693951422
0.645925736589699
0.647358317335782
0.732772947134899
0.508020144973945
0.215908247346151
0.575165534612697
0.555673575197646
0.309135356326726
0.163213063779009
0.70064971411162
0.643025370546002
0.753203246618592
0.591109906753703
0.256063740810846
0.243143507156548
0.621311427655918
0.644481468859522
0.678570341742491
0.643025370546002
0.709625485604125
0.692192246887317
0.662384206772693
0.672532025011578
0.673757769970271
0.693275473108971
0.754593031022926
0.641557295687659
0.731951110420282
0.60767471823384
0.650188980745905
0.529276757413195
0.614613667304416
0.704706523714338
0.434618099580814
0.490773662452241
0.647358317335782
0.626183935199317
0.735208495890248
0.757326165121595
0.526720678385697
0.677380559219757
0.600481313636353
0.487781000615269
0.78434607733171
0.668798896257624
0.462510932654846
0.645925736589699
0.529276757413195
0.612902043602347
0.629363206512681
0.194159804309576
0.644481468859522
0.585273020414874
0.624573757927825
0.716242990026529
0.350332330000423
0.659748213678122
0.683242991985485
0.736807679609292
0.0438796985675168
0.0332747959294577
0.0332747959294577
0.651587339219927
0.643025370546002
0.673757769970271
0.645925736589699
0.568861053356634
0.579267078271261
0.647358317335782
0.694351101963749
0.706693972474358
0.726053599477395
0.6675355333694
0.70064971411162
0.703702664747455
0.703702664747455
0.309135356326726
0.746749325289253
0.733589759757866
0.704706523714338
0.579267078271261
0.778874826141968
0.743015808329329
0.605900761614268
0.5812882941586
0.534306971617525
0.711547487988257
0.703702664747455
0.573084627762635
0.411721706076671
0.465805211718147
0.548772608094325
0.544051627384961
0.724320629788706
0.513512268702431
0.693275473108971
0.671297034671355
0.560158134862283
0.724320629788706
0.624573757927825
0.598641556035814
0.731124203117368
0.598641556035814
0.759999091120819
0.739948789915553
0.661071335459158
0.673757769970271
0.459175771074544
0.711547487988257
0.70767769822998
0.670052693951422
0.680923772878143
0.677380559219757
0.596784776120115
0.74821253246047
0.638584620385538
0.685528739695949
0.759999091120819
0.704706523714338
0.462510932654846
0.612902043602347
0.386892561084003
0.718987623815882
0.691101342521088
0.789553117913762
0.319916780349217
0.568861053356634
0.585273020414874
0.651587339219927
0.637079715762551
0.614613667304416
0.671297034671355
0.369141696747533
0.0113432277011098
0.40772411859536
0.626183935199317
0.09359563638704
0.650188980745905
0.690002678083373
0.75528206999512
0.638584620385538
0.612902043602347
0.518883125608513
0.648779352382377
0.731951110420282
0.679751380953734
0.641557295687659
0.770126824703341
0.726911939603909
0.715316159092785
0.76580309444787
0.668798896257624
0.557927228020613
0.73440159421907
0.702691957201716
0.626183935199317
0.711547487988257
0.459175771074544
0.705703603476529
0.616310221132452
0.637079715762551
0.793541136012412
0.508020144973945
0.7294549878735
0.622949649276242
0.566717771749999
0.579267078271261
0.640077095912
0.640077095912
0.594910736543366
0.709625485604125
0.731124203117368
0.17897794899947
0.640077095912
0.650188980745905
0.655716130819722
0.731951110420282
0.391175283878033
0.325182280644311
0.651587339219927
0.499545445123233
0.624573757927825
0.641557295687659
0.795478996661104
0.651587339219927
0.40772411859536
0.593019195526583
0.714383253732453
0.650188980745905
0.518883125608513
0.594910736543366
0.643025370546002
0.621311427655918
0.678570341742491
0.637079715762551
0.674974372979408
0.767675878982503
0.548772608094325
0.632488855061433
0.573084627762635
0.746749325289253
0.744522347491935
0.70167433075314
0.648779352382377
0.616310221132452
0.575165534612697
0.627780359577388
0.585273020414874
0.560158134862283
0.697533195284381
0.759336395030083
0.692192246887317
0.721679671417326
0.629363206512681
0.709625485604125
0.719890740814405
0.600481313636353
0.600481313636353
0.661071335459158
0.60411068971414
0.438262002579341
0.692192246887317
0.640077095912
0.666262495408641
0.518883125608513
0.587237077345422
0.627780359577388
0.682087612139362
0.637079715762551
0.748937813827733
0.598641556035814
0.696479885057471
0.697533195284381
0.717163805669778
0.605900761614268
0.652974562419404
0.693275473108971
0.638584620385538
0.658414720910679
0.739170562388395
0.728612584025719
0.662384206772693
0.611175148340132
0.714383253732453
0.63556222613256
0.560158134862283
0.672532025011578
0.686659287400181
0.570983235344889
0.596784776120115
0.645925736589699
0.726053599477395
0.645925736589699
0.626183935199317
0.612902043602347
0.594910736543366
0.594910736543366
0.236513623036507
0.77252659689021
0.643025370546002
0.605900761614268
0.680923772878143
0.687781735416266
0.73440159421907
0.499545445123233
0.475450135172465
0.627780359577388
0.478588177218314
0.596784776120115
0.720788071537731
0.566717771749999
0.750375913195809
0.690002678083373
0.560158134862283
0.637079715762551
0.611175148340132
0.472274092717382
0.654350782823893
0.481688896794752
0.655716130819722
0.596784776120115
0.666262495408641
0.647358317335782
0.65707073474117
0.693275473108971
0.70167433075314
0.70167433075314
0.17897794899947
0.60767471823384
0.650188980745905
0.733589759757866
0.739948789915553
0.717163805669778
0.73838766304331
0.647358317335782
0.680923772878143
0.759999091120819
0.704706523714338
0.643025370546002
0.670052693951422
0.575165534612697
0.350332330000423
0.672532025011578
0.726053599477395
0.637079715762551
0.678570341742491
0.736010509593441
0.602304281935672
0.637079715762551
0.481688896794752
0.680923772878143
0.60767471823384
0.594910736543366
0.699618035004275
0.736807679609292
0.622949649276242
0.709625485604125
0.72256559517888
0.502402600461676
0.6675355333694
0.731124203117368
0.690002678083373
0.705703603476529
0.697533195284381
0.769518949224615
0.617991903236671
0.746011325790822
0.690002678083373
0.672532025011578
0.727764917757621
0.593019195526583
0.654350782823893
0.637079715762551
0.529276757413195
0.663686946277472
0.61965890830854
0.650188980745905
0.76065814760736
0.691101342521088
0.369141696747533
0.768907850296044
0.70167433075314
0.605900761614268
0.570983235344889
0.616310221132452
0.534306971617525
0.600481313636353
0.510781620441802
0.750375913195809
0.661071335459158
0.688896170477535
0.708654847362723
0.673757769970271
0.694351101963749
0.719890740814405
0.171170464242626
0.643025370546002
0.668798896257624
0.676181935933841
0.5812882941586
0.685528739695949
0.524136688216611
0.680923772878143
0.624573757927825
0.531805375095925
0.622949649276242
0.704706523714338
0.611175148340132
0.691101342521088
0.705703603476529
0.679751380953734
0.643025370546002
0.720788071537731
0.670052693951422
0.706693972474358
0.712498979286317
0.668798896257624
0.677380559219757
0.670052693951422
0.699618035004275
0.709625485604125
0.725189846659187
0.726911939603909
0.70167433075314
0.655716130819722
0.715316159092785
0.668798896257624
0.704706523714338
0.6675355333694
0.705703603476529
0.668798896257624
0.611175148340132
0.658414720910679
0.593019195526583
0.754593031022926
0.634031992966485
0.60767471823384
0.589182619264661
0.757999962769225
0.73838766304331
0.605900761614268
0.292306661529958
0.674974372979408
0.692192246887317
0.63556222613256
0.73838766304331
0.815012653572335
0.640077095912
0.744522347491935
0.743015808329329
0.769518949224615
0.690002678083373
0.743771292378181
0.731124203117368
0.730292178153986
0.697533195284381
0.704706523714338
0.452379717959353
0.668798896257624
0.585273020414874
0.659748213678122
0.645925736589699
0.698579220158451
0.682087612139362
0.74526901250292
0.7294549878735
0.616310221132452
0.694351101963749
0.670052693951422
0.691101342521088
0.671297034671355
0.627780359577388
0.659748213678122
0.682087612139362
0.672532025011578
0.0438796985675168
0.711547487988257
0.643025370546002
0.645925736589699
0.587237077345422
0.748937813827733
0.670052693951422
0.629363206512681
0.670052693951422
0.63556222613256
0.63556222613256
0.63556222613256
0.650188980745905
0.666262495408641
0.627780359577388
0.699618035004275
0.703702664747455
0.678570341742491
0.682087612139362
0.682087612139362
0.641557295687659
0.696479885057471
0.655716130819722
0.644481468859522
0.645925736589699
0.688896170477535
0.647358317335782
0.732772947134899
0.687781735416266
0.652974562419404
0.632488855061433
0.638584620385538
0.560158134862283
0.781644719161516
0.7294549878735
0.699618035004275
0.680923772878143
0.703702664747455
0.651587339219927
0.694351101963749
0.680923772878143
0.670052693951422
0.702691957201716
0.663686946277472
0.70767769822998
0.688896170477535
0.679751380953734
0.739948789915553
0.648779352382377
0.655716130819722
0.637079715762551
0.17897794899947
0.679751380953734
0.684390004313959
0.70767769822998
0.696479885057471
0.650188980745905
0.74821253246047
0.624573757927825
0.731951110420282
0.693275473108971
0.685528739695949
0.63556222613256
0.695419213100218
0.676181935933841
0.627780359577388
0.634031992966485
0.674974372979408
0.7294549878735
0.676181935933841
0.736010509593441
0.702691957201716
0.679751380953734
0.718987623815882
0.647358317335782
0.651587339219927
0.644481468859522
0.674974372979408
0.661071335459158
0.685528739695949
0.614613667304416
0.658414720910679
0.617991903236671
0.652974562419404
0.674974372979408
0.712498979286317
0.781644719161516
0.740722387317796
0.672532025011578
0.682087612139362
0.680923772878143
0.6675355333694
0.710589677812674
0.718078664393502
0.702691957201716
0.644481468859522
0.654350782823893
0.676181935933841
0.662384206772693
0.63556222613256
0.690002678083373
0.664979670807835
0.551096625787241
0.560158134862283
0.659748213678122
0.611175148340132
0.6675355333694
0.688896170477535
0.696479885057471
0.626183935199317
0.5812882941586
0.630932648484094
0.710589677812674
0.692192246887317
0.637079715762551
0.702691957201716
0.710589677812674
0.680923772878143
0.671297034671355
0.621311427655918
0.655716130819722
0.647358317335782
0.614613667304416
0.638584620385538
0.682087612139362
0.658414720910679
0.652974562419404
0.585273020414874
0.650188980745905
0.655716130819722
0.672532025011578
0.661071335459158
0.643025370546002
0.663686946277472
0.704706523714338
0.236513623036507
0.672532025011578
0.718987623815882
0.60767471823384
0.694351101963749
0.598641556035814
0.373675081904028
0.643025370546002
0.666262495408641
0.643025370546002
0.672532025011578
0.736807679609292
0.602304281935672
0.651587339219927
0.688896170477535
0.676181935933841
0.654350782823893
0.678570341742491
0.743015808329329
0.12979449762367
0.647358317335782
0.672532025011578
0.647358317335782
0.687781735416266
0.671297034671355
0.661071335459158
0.723445896853502
0.735208495890248
0.0542544559165058
0.637079715762551
0.655716130819722
0.63556222613256
0.664979670807835
0.771931363486076
0.637079715762551
0.634031992966485
0.704706523714338
0.617991903236671
0.663686946277472
0.715316159092785
0.12979449762367
0.612902043602347
0.575165534612697
0.710589677812674
0.587237077345422
0.614613667304416
0.680923772878143
0.686659287400181
0.727764917757621
0.753203246618592