ncols         1
nrows         127306
xllcorner     0
yllcorner     0
cellsize      16
NODATA_value  -9999
0.287
0.287
0.287
0.287
0.287
0.287
0.287
0.287
0.334
0.287
0.287
0.287
0.287
0.287
0.287
0.287
0.287
0.334
0.287
0.287
0.287
0.287
0.287
0.287
0.287
0.287
0.287
0.287
0.287
0.287
0.287
0.287
0.287
0.287
0.6206
0.287
0.287
0.287
0.287
0.287
0.287
0.287
0.287
0.287
0.287
0.287
0.287
0.287
0.287
0.287
0.6762
0.287
0.287
0.7596
0.334
0.334
0.334
0.287
0.287
0.287
0.6762
0.287
0.287
0.287
0.287
0.287
0.287
0.287
0.287
0.287
0.7596
0.334
0.287
0.287
0.287
0.287
0.287
0.287
0.287
0.6901
0.287
0.287
0.287
0.287
0.287
0.6762
0.287
0.287
0.287
0.287
0.287
0.287
0.287
0.6206
0.334
0.334
0.287
0.287
0.287
0.287
0.287
0.287
0.334
0.287
0.334
0.334
0.287
0.287
0.287
0.287
0.287
0.287
0.287
0.287
0.6206
0.334
0.287
0.287
0.334
0.287
0.287
0.334
0.287
0.287
0.334
0.287
0.287
0.287
0.287
0.287
0.287
0.287
0.287
0.287
0.287
0.287
0.287
0.287
0.6901
0.287
0.287
0.287
0.287
0.287
0.6901
0.7596
0.287
0.287
0.287
0.6564
0.287
0.334
0.334
0.287
0.287
0.334
0.287
0.287
0.334
0.287
0.287
0.334
0.287
0.7318
0.287
0.287
0.287
0.287
0.7318
0.287
0.287
0.287
0.6067
0.334
0.334
0.287
0.287
0.287
0.287
0.287
0.287
0.287
0.287
0.287
0.287
0.287
0.334
0.287
0.287
0.287
0.334
0.287
0.287
0.287
0.334
0.287
0.287
0.287
0.287
0.287
0.287
0.7596
0.287
0.287
0.334
0.287
0.287
0.287
0.287
0.287
0.287
0.287
0.287
0.287
0.287
0.287
0.287
0.7318
0.287
0.334
0.287
0.334
0.287
0.287
0.287
0.287
0.287
0.287
0.334
0.287
0.287
0.334
0.6762
0.287
0.287
0.287
0.287
0.287
0.287
0.287
0.287
0.287
0.6762
0.7735
0.287
0.334
0.287
0.287
0.287
0.287
0.287
0.287
0.287
0.287
0.287
0.287
0.334
0.287
0.287
0.287
0.287
0.6762
0.287
0.287
0.287
0.287
0.287
0.287
0.287
0.287
0.287
0.7596
0.287
0.334
0.287
0.287
0.287
0.287
0.287
0.704
0.287
0.287
0.287
0.287
0.287
0.287
0.287
0.287
0.287
0.287
0.287
0.6901
0.287
0.334
0.287
0.287
0.287
0.287
0.287
0.287
0.6901
0.287
0.287
0.287
0.287
0.7318
0.287
0.287
0.287
0.287
0.7318
0.287
0.334
0.334
0.287
0.287
0.334
0.287
0.287
0.287
0.287
0.287
0.287
0.287
0.287
0.6762
0.287
0.287
0.287
0.7596
0.287
0.287
0.334
0.287
0.334
0.287
0.334
0.287
0.287
0.334
0.287
0.334
0.287
0.287
0.334
0.287
0.287
0.287
0.287
0.287
0.7596
0.287
0.704
0.287
0.7318
0.287
0.287
0.334
0.287
0.287
0.6762
0.287
0.334
0.287
0.287
0.287
0.287
0.287
0.287
0.287
0.287
0.287
0.287
0.287
0.287
0.287
0.287
0.287
0.287
0.287
0.287
0.287
0.287
0.287
0.334
0.287
0.287
0.287
0.334
0.287
0.287
0.287
0.7596
0.7318
0.287
0.287
0.287
0.287
0.287
0.287
0.287
0.287
0.287
0.287
0.287
0.334
0.334
0.287
0.287
0.287
0.287
0.287
0.287
0.287
0.287
0.287
0.287
0.334
0.287
0.287
0.287
0.287
0.287
0.287
0.287
0.287
0.287
0.287
0.287
0.287
0.287
0.287
0.287
0.287
0.287
0.287
0.287
0.287
0.287
0.287
0.287
0.287
0.6901
0.6762
0.6762
0.6762
0.287
0.6901
0.6901
0.6762
0.287
0.287
0.287
0.287
0.287
0.287
0.287
0.287
0.287
0.287
0.287
0.287
0.287
0.287
0.287
0.287
0.287
0.287
0.287
0.287
0.287
0.287
0.287
0.287
0.287
0.287
0.287
0.287
0.287
0.287
0.287
0.287
0.287
0.287
0.287
0.287
0.287
0.287
0.287
0.287
0.287
0.287
0.287
0.287
0.6901
0.287
0.287
0.334
0.287
0.287
0.287
0.287
0.287
0.287
0.287
0.287
0.287
0.287
0.704
0.287
0.704
0.287
0.287
0.334
0.287
0.287
0.287
0.287
0.287
0.287
0.287
0.287
0.287
0.287
0.287
0.287
0.287
0.287
0.287
0.287
0.287
0.287
0.287
0.287
0.287
0.287
0.287
0.287
0.334
0.287
0.287
0.287
0.287
0.334
0.287
0.334
0.287
0.287
0.287
0.287
0.287
0.287
0.287
0.287
0.287
0.287
0.287
0.287
0.287
0.287
0.287
0.287
0.287
0.287
0.287
0.6762
0.287
0.287
0.287
0.287
0.287
0.287
0.287
0.287
0.287
0.287
0.287
0.287
0.287
0.287
0.287
0.6206
0.287
0.334
0.287
0.287
0.287
0.287
0.287
0.287
0.287
0.287
0.6206
0.287
0.287
0.287
0.287
0.287
0.287
0.287
0.287
0.287
0.287
0.287
0.287
0.287
0.287
0.287
0.287
0.287
0.287
0.287
0.287
0.287
0.287
0.287
0.287
0.287
0.287
0.334
0.287
0.287
0.334
0.287
0.287
0.287
0.287
0.287
0.287
0.287
0.7457
0.287
0.7457
0.287
0.287
0.287
0.287
0.287
0.334
0.287
0.287
0.287
0.287
0.287
0.287
0.6206
0.6206
0.287
0.287
0.287
0.287
0.334
0.287
0.6762
0.287
0.287
0.334
0.287
0.287
0.287
0.287
0.287
0.287
0.287
0.287
0.7179
0.287
0.287
0.7179
0.7179
0.287
0.7179
0.287
0.334
0.287
0.287
0.287
0.334
0.287
0.287
0.287
0.287
0.287
0.334
0.287
0.287
0.334
0.287
0.6623
0.334
0.287
0.6901
0.287
0.287
0.287
0.287
0.287
0.287
0.287
0.704
0.287
0.704
0.287
0.287
0.334
0.287
0.287
0.287
0.287
0.287
0.646
0.704
0.704
0.287
0.287
0.704
0.287
0.334
0.287
0.287
0.287
0.287
0.287
0.287
0.287
0.287
0.287
0.287
0.287
0.287
0.287
0.287
0.287
0.287
0.287
0.287
0.5836
0.334
0.287
0.334
0.287
0.287
0.287
0.287
0.287
0.334
0.287
0.287
0.287
0.287
0.287
0.287
0.287
0.6762
0.287
0.287
0.287
0.287
0.287
0.287
0.287
0.287
0.287
0.287
0.287
0.287
0.287
0.287
0.287
0.287
0.287
0.334
0.287
0.287
0.287
0.287
0.287
0.287
0.287
0.287
0.287
0.287
0.287
0.287
0.287
0.334
0.334
0.287
0.287
0.287
0.334
0.287
0.287
0.287
0.334
0.334
0.287
0.334
0.287
0.287
0.704
0.704
0.287
0.287
0.287
0.287
0.287
0.287
0.287
0.287
0.334
0.287
0.287
0.287
0.287
0.6901
0.287
0.287
0.287
0.287
0.287
0.6623
0.287
0.287
0.7735
0.7735
0.7735
0.287
0.287
0.287
0.287
0.287
0.6623
0.287
0.287
0.287
0.287
0.287
0.6067
0.287
0.287
0.287
0.334
0.287
0.287
0.287
0.287
0.287
0.287
0.287
0.287
0.287
0.287
0.287
0.287
0.287
0.287
0.287
0.287
0.287
0.287
0.287
0.287
0.287
0.287
0.287
0.287
0.287
0.287
0.287
0.287
0.6901
0.287
0.287
0.287
0.287
0.287
0.287
0.287
0.287
0.287
0.287
0.287
0.287
0.287
0.287
0.287
0.287
0.287
0.287
0.5511
0.7457
0.287
0.287
0.287
0.287
0.287
0.287
0.287
0.287
0.287
0.287
0.287
0.287
0.287
0.287
0.287
0.287
0.287
0.287
0.287
0.287
0.704
0.287
0.6901
0.287
0.287
0.287
0.287
0.287
0.287
0.287
0.287
0.287
0.5511
0.287
0.287
0.287
0.287
0.287
0.287
0.287
0.287
0.6206
0.287
0.287
0.287
0.287
0.6762
0.287
0.287
0.287
0.287
0.287
0.287
0.287
0.287
0.287
0.287
0.287
0.287
0.287
0.287
0.287
0.287
0.287
0.6206
0.704
0.287
0.287
0.287
0.287
0.287
0.287
0.287
0.287
0.287
0.287
0.6206
0.6762
0.7318
0.287
0.287
0.287
0.287
0.287
0.287
0.287
0.287
0.287
0.287
0.287
0.7318
0.287
0.287
0.6762
0.7179
0.287
0.287
0.287
0.287
0.287
0.287
0.5511
0.6762
0.6762
0.287
0.287
0.287
0.287