ncols         1
nrows         127306
xllcorner     0
yllcorner     0
cellsize      16
NODATA_value  -9999
16.3
13.8
19.8
17.6
14.2
17
17.8
18.6
15.9
6.6
19.1
19
16
17.1
16.9
17.1
16.1
17.7
16.3
19
15.9
13.8
17.9
17
13.1
13.9
16.3
9.6
17.7
15.5
13.9
11.7
14.6
11.5
13.1
10.7
10.7
12.7
10.2
11.1
11.3
10.8
11.2
14.7
11
12.8
12.4
2.9
16.2
10.7
15.5
10.1
13.6
13.2
9
9.8
15.5
14.5
11.2
12.9
16.2
4.7
11
14.3
10.3
10.4
11.8
10.8
11.3
10.8
13.2
14.5
14.6
15.2
16.3
12.6
12.6
13.1
11.6
14.3
11
17.5
11.1
16
16.3
16.3
10.7
11.5
14.4
14.3
14.7
14.3
11.5
13.7
15.4
14.9
14.2
12.7
13.6
13.4
16.6
13.1
14.3
15.7
12.1
13
14.5
13
11.5
13.9
16
12.7
13.7
12.2
12.6
15.6
13.4
16
11.3
12.5
12.8
13.1
11.6
11.3
14.1
12.6
13.1
13.2
15.2
12.6
13.1
16.1
14.7
15.5
14.2
14.1
12.4
12.5
15.4
14
12.9
13.5
12.9
16.4
11.5
13.2
12.2
16.4
13.6
13.3
14
11.9
13.4
13.2
13.7
13.1
14.6
15.3
15.2
16.3
15.8
13.6
10.4
10.7
12.7
16.1
12.5
11.7
10.7
12
12.8
13.2
16.5
14.6
13.2
13.2
15.3
13.1
11.8
12.2
14.4
14
11.7
12.4
13.3
12.4
14.6
12.3
16.5
10.8
15.5
11.5
12.6
12.3
10
19.6
9.7
15.3
13.6
14.6
14.9
14
15.8
10.3
8.4
10.7
9.2
15.2
15.9
15.4
9.4
10.6
10.9
8.2
10.4
16.2
8.5
11.5
16
14.5
8.1
6.9
17.9
9.2
10.2
10
13.1
15.2
14.1
14.2
14.3
8.4
9.5
10.6
7.1
14.6
10.5
15.6
10.1
9.9
11.4
16.3
14.6
13.1
13.3
12.1
13.8
14.9
12.8
14.1
15.9
15.4
12.6
16.1
11.6
12.5
16
14.4
13.1
12.1
14
15.2
14.8
14.7
13
12.3
13.6
13.6
13.1
11.8
12
13.2
15.3
19.4
13.4
13.2
14.6
13.5
16
15.9
11.8
14
14.9
13.7
14.4
10.8
12.3
11.7
11.6
11.7
13.5
16.1
15.1
14.6
11.2
14.3
15.3
14
11.4
13.3
15.9
14
10.6
11.2
14.1
12.1
12.2
13
10
13.3
14.5
15.8
8.6
7.3
9.1
12.5
16
13.4
10.3
10.3
10.1
16.7
6.7
15.4
14
15.4
10.9
13.7
14.7
9.1
9.6
8.7
7.7
10.1
10.9
11.6
12
13.3
12.8
14.2
9.4
14.2
15.6
15.4
14.7
10.2
12.3
15.3
14.8
16.4
13.6
16.3
14.7
11.1
10.9
7.4
8.1
10.1
10.9
14.6
10.7
13.4
15.8
9.7
13.3
12.3
12.4
10.6
16.9
6.8
9.5
10.2
8.3
13.4
10.1
14.4
14.2
13.8
15.4
12.3
13.1
13.7
13.4
10.4
6.6
10.1
9.5
10.5
10.3
15.3
12.9
16.5
10.8
7.2
9.6
10
10.7
13.1
13.7
13.2
11.1
11.2
13.1
13
13.8
13.9
12.5
14.4
12.6
13.8
10.2
11.3
16.3
9.7
9.5
11
11.5
12.8
14.5
9.6
13.1
11.1
10.4
15.6
13.1
9
14.6
14.2
12.3
13.1
2.3
13.5
10.5
12.1
13.5
8.5
12.8
12.9
13.9
2.5
2.3
2.5
14.5
10.8
14.3
13.4
14.3
13.4
14.3
14.8
14.2
14.1
13.2
14.6
14.1
16.2
9.8
13.7
14.9
13.6
14.8
15.6
17.2
12.5
10.6
10.4
13.2
14.4
14.2
10.3
10
12.5
10.5
15.9
11.6
12.7
14.1
11.7
15
13.5
10
15.8
12
17.1
13.7
13.3
13.6
8.8
15
15
13.5
16.3
13.9
12.8
15.2
12.6
16.8
14.8
13.1
10.1
14.6
9.9
15.3
12.4
17.2
8.2
11.7
10.7
13.4
13.1
13.7
13.8
8.4
7.2
9.8
12.9
4.1
15.3
14.7
16
14.8
13.2
9.6
13.1
13.2
15.2
13.6
16.7
13.7
13.2
17.2
15.1
10.9
12.7
12.4
14.5
12.9
9.7
12.5
13
14
17.9
10.2
11.8
13.4
9.3
12.1
13.1
13.1
10.7
15.9
17
6.6
13.1
14.7
14.2
15
9
7.2
13.1
10.3
15.5
15
17.9
13.3
9
11.7
14.6
14.1
10.5
10.6
12.3
15.4
13.1
12.2
13.3
15.7
9.1
11.9
10.6
14.8
16
16.3
13.8
12.5
12
12.6
12.7
13.5
14.4
13.4
16
13.7
11.7
14.8
13.7
12.4
13
12.5
10.3
10.1
11.2
11.8
13.8
8.3
13.6
9.1
12
13.3
14.8
13.4
14
13.1
14
10.9
13.3
14.3
15.7
12.3
14.8
13.8
10.7
10.7
12.8
11.7
10.4
14.4
11.7
12.7
8.8
16.3
14.6
16.3
12.8
12.8
12.1
10.1
8.7
15.1
13.3
12
12.8
14.1
15.2
10.1
9.9
11.6
9.1
16.7
14.6
10.1
15.6
13.2
10.9
14.1
12.4
5.1
12.9
10.2
13.8
8.3
12.1
11
12.6
13
15.5
12.6
2.7
15.2
15.5
15.1
16.5
13.7
14.2
12.7
13.5
15.1
12.3
13.3
12.4
12.6
7.3
10.1
11.4
13
13.1
15
13
13
9.8
14.1
10.4
12.1
15
15.4
11
11
14.2
9.8
16.7
13.3
14.9
14.9
13.2
14.3
11.9
15.7
13.3
12.6
15.8
10.1
15.5
12.4
9.9
12.6
11.1
12.2
15.2
15.8
9.8
18.2
16.5
12.3
11.8
12.4
11.7
12.3
10.2
14.8
14.6
13.7
12.4
12.8
13.4
14.7
7.3
11.7
10.6
14.6
12
14.7
10.1
14.4
11.1
9.5
7.6
12.8
11.9
13
15.3
11
13.1
17.3
13.8
10.9
9.3
12.3
10.8
14.5
13.5
14.7
8.5
11.4
15.6
14.6
10.8
15.4
10.5
14.3
17.3
12.6
12.4
13.9
10.4
14.7
13
10.7
10.4
15.9
15
11.9
8.7
14.6
14.1
12.6
13.2
18.2
13.5
13.8
15.1
14.3
13.4
13.5
13.8
14.3
13.5
15.7
9
13.6
13.6
15.1
14.2
15.9
11.1
11
14.3
10.6
14.4
17.2
14.7
16.9
12.2
15
14.2
12.8
2.3
12.4
14.2
15.6
10.5
14.5
14.4
8.4
13.7
16
16
16
15
7.4
11.2
13.5
15.8
14.4
12.4
10.3
14.1
15.8
10.9
14.3
11.8
12.4
11.3
18.5
15.5
15
12.5
14.3
10.8
9.9
16.5
16.2
12.5
13.4
14.7
15.2
15.4
13.7
12.7
10.6
10.9
9.7
10.1
11
15
11
17.3
2.7
10.6
14.8
15.7
13.3
15.3
14.4
15.4
15.3
10.2
11
11
13.2
15.4
10.9
11.1
10.7
14
12.3
15.1
15.7
10.1
11.3
10.6
16.4
16.2
16.3
11.6
11.8
13.3
15.2
10.6
11.2
16.3
10.7
12
13.5
14.8
14.7
12.7
13.3
14.1
14.6
11.8
10.5
12.7
14.1
10.9
12.3
17.1
12.6
10.6
10.8
13.9
11.1
15.7
11.1
14.1
14.8
10.1
11
15.3
14.3
11.4
14.3
16.9
10.9
14.3
11.2
12.7
16.2
14.2
15.3
12.7
9.3
9.7
11.8
10.6
11
18.1
7.9
13.1
10.4
11.3
2.9
11.2
15.3
10.9
13.2
10.8
5
11.1
17.3
16.1
11
11.5
10.7
16.7
14.7
17.2
12.7
10.7
13.6
2.9
14.3
13.5
11.3
10.8
16.2
11.2
15.2
13
4.8
12.4
15.1
16.3
15.5
11.4
16.3
17.2
17.4
11.2
12.3
13.5
3
10.6
14.5
9.7
15.8
16.3
10.7
10.8
16.3
16.1