ncols         1
nrows         127306
xllcorner     0
yllcorner     0
cellsize      16
NODATA_value  -9999
2.9311485129197
3.91875
3.41810507047606
3.07887387786977
2.24127985434621
2.65032471628589
2.37867242865259
3.0388889374612
0
1.26767362071955
3.69571766503249
3.80609326783662
2.31947977345109
2.93254268481673
2.78062680629163
3.49942829363233
3.10574410343451
0
3.91875
3.62193158243922
2.25098360509323
1.66880652566768
2.5192706050946
2.80069774983402
1.30519217438179
1.80840795896187
2.38717190757665
1.08814478319249
2.82225332561006
2.13974761941678
2.60086288834439
1.55721879246825
2.47448564310801
1.09184495177342
2.75365603012247
1.59268287381285
1.86442993627191
1.77059075516246
1.51536817120058
1.76300101827371
1.61651011064246
1.71883586815332
1.96221085833432
2.35579780310843
1.65826828451488
2.33878386581499
1.66189590602971
0.022390806675748
2.11842285157632
2.08559786578147
1.84373440074714
2.06762921128686
2.00309257149692
1.83705829025842
0
0
0
3.04223771187078
1.63137619423792
3.56112658023898
3.91875
0.619721387524438
2.34420033274791
1.99471932739668
0
0
2.68866500311818
1.66705684552448
1.73412893839926
1.42112231256103
2.08642584048038
0
1.80726824617398
1.67027244655379
2.51774348306368
2.59393482870533
1.95290881306751
2.54843039311601
2.44221486541237
2.6188165622888
1.55353555075604
2.69761020672117
1.58689157570498
2.91457592582084
2.24213082102442
2.94414121622647
1.83805137601636
2.32836662183305
2.31488327046537
2.0722187713921
2.1717621290319
1.61876038770312
1.37471424617112
2.8791664058224
0
0
2.1173149356945
1.48444229015567
2.61064347682012
1.68527361748586
3.91875
2.59731979738746
0
2.5786203660227
0
0
2.48328102502182
1.79353122531919
1.98104528403398
2.75954562587621
3.91875
3.91875
2.36313459174994
2.16719657631682
1.5587030876824
0
1.4233064230831
2.75710463651322
0
1.9140857150256
1.84651392287641
0
1.38167575634436
0.824077698195846
0
1.48155593150178
1.89693356943195
2.7498091255994
2.81400785885691
2.20354996929167
3.85687112627204
3.57850710374867
1.97952454288972
2.13388579209877
2.2903589752443
2.81412092745617
1.41511036836149
1.57962383147379
1.56175699276794
2.89533756576029
1.98611010827146
1.5849646602914
1.64832478017881
2.30529950329835
2.3459994818136
1.83705829025842
1.51026113847221
3.55291499331562
1.21455510118439
0
2.66663223546301
0
0
1.71034993965176
2.19573755418859
0
2.20235032803235
3.91875
0
3.91875
2.63152808709237
0
2.25559550322203
1.52252696467487
2.65032471628589
3.21176089504717
1.6458781698753
2.46235842435072
1.90842683586108
2.30379285104518
1.61779657520413
1.73817337740285
2.59393482870533
0
0
1.87469134091366
2.57749318004545
1.89693356943195
3.91875
3.58870175100052
2.00430047575222
2.68791797467292
2.33551178929482
0.165619896604076
2.35298133229949
1.51775009423191
0
1.78940524484931
3.91875
1.79649431303567
0
1.94730915058056
2.99787430715402
1.27767559350021
0
3.91875
0
2.09529163153077
1.74352734302561
2.55411461653751
3.91875
2.91521508173212
3.12913134539965
0
0
0
0
3.91875
3.09449369192887
2.54449777385174
0.735077134668282
0
0
0
0
2.06470343253032
0
0
2.52701101756651
0
0
0
3.88317039395622
0
0
0
1.96674770650988
3.91875
0
2.79875970054695
2.02230639063691
0
0
0
0.328300055354388
1.6352622435332
0
2.41018209622873
0
0
0
3.01573771500664
1.66918391871574
1.69317919576782
1.07720516976959
0
0.993851108096494
1.67609555088716
2.22843396915258
2.30976367605596
2.04528702233612
3.91875
1.92516654460868
2.82734934062821
1.33380719321541
1.14829072327234
0
1.66724088657084
1.96063894905479
1.46638036031258
1.89225372708259
3.91875
3.06887700424665
2.74430786225347
1.09184495177342
1.7527060000598
1.99263273210695
1.50698592819508
2.6215683445824
1.7527060000598
1.27767559350021
1.83705829025842
2.43989120710137
0
1.88590206964878
1.4231636887535
1.51661365887981
2.24806212020924
3.50097729073058
3.69273582203916
1.54231130034904
2.19462889645275
1.67609555088716
1.93564702430042
3.38541508929576
1.7322965668222
1.35377338288182
1.31002181105718
1.66459291805213
1.35221055421349
1.37620170649848
2.79774191747623
1.75310316200239
0
1.23703524179639
1.71639535398308
1.78241192899276
2.27371665927745
1.24389086520128
3.52324325970928
1.76491293132725
2.58567635284168
0
0
1.80726824617398
1.39501089800678
1.30130903698327
1.85653422609613
0
1.68514941624515
1.7527060000598
3.21629162867061
0
0
0.617465785299189
1.56638608609207
0
2.23188901143075
0
0
0
1.91529032496837
0.634524723337693
2.6188165622888
1.75724398822858
2.01937868049062
0
1.83261592245175
1.39177469967204
0
1.04732733758834
0.296278868284333
0
0
0
1.81674165650125
0
1.82791477034504
2.64249684706911
0
0
0
3.91875
3.39155485548174
0
0
1.33656718420962
3.83533754021321
1.67273947418365
1.76492582673778
3.91875
1.92921688189804
1.73775784213634
1.07646685386112
0
0
0
0
0
2.12520179097102
0
1.61224690873714
0
0
2.11161542029289
1.60322183128337
1.38978860702376
0
3.91875
0.210531687415403
0.573410220328059
1.06737276656512
0
1.89760034391185
0
2.21764442753257
2.23528678278026
2.17271170075178
2.33338955813959
1.76286885685472
1.52396121121301
1.80395814088439
2.38811709115107
0
0
0
0
0
0
2.19171105848762
3.45093271093061
3.0625896247741
0
0.158341557506632
0.372698223184025
0
0
1.89693356943195
1.50727347766121
3.54991263993968
1.71293914402516
1.35141598035788
1.57564189223688
1.59250150446727
1.84176260951432
0
0
2.58231106724996
1.18297070598768
1.75672166911299
0
2.35399399409871
3.91875
0
0
1.23863991568121
1.25812442320046
0
3.29420759088972
0.702208980390953
1.74233537857129
1.20367966217001
0
3.91875
1.85990750952563
0.545508863121547
1.75310316200239
1.04571065803651
1.25240629502585
2.05016428028791
0.10957708856773
1.63007837870398
0
1.31863614201615
2.07352224070753
0.331242300323014
1.54804057696658
1.71846706250419
2.34336417614207
0.0120625165097793
0.0225524654391685
0.0414649199055191
1.88684920015839
1.79036802559459
1.93764033695001
1.61470028079167
1.24562593089643
1.30127531045406
1.82178543463569
2.19906800145914
2.50083822345031
2.57299198017871
1.84933798575345
1.81002309398713
1.785057258208
2.47938271246895
0
2.94886505435991
3.07320580503066
2.0365602637805
1.33789451837024
3.76273260218707
3.03286312663715
1.29999845751909
0
0
2.32007250247712
2.40234457703305
1.26100402880874
0
0
0.966999837478513
0
2.53771841528754
0.804614456697967
1.81678757344448
1.9068841411254
1.09610036672406
2.38004976077645
1.41979644087713
0
2.65192379672138
1.1574695024364
3.91875
2.56814235135438
1.64096942117566
1.77811875833247
0.520536130737342
2.27242640104
2.91347752499512
1.67849565537579
2.03563235788425
1.82184299009474
1.36571643762838
3.43700489695049
1.60325128267101
2.12934727077782
0
2.19220073344812
0
1.4358482435287
0
2.43215110638535
1.76748635955926
3.91875
0.319582439154763
2.1665371287067
0
1.57616734775816
1.66189590602971
1.37372383520207
1.99098420425342
0.364977708553514
0
0
1.54671500165142
0.0361875495293379
1.70647058296538
2.27723179329461
3.79463594692228
1.89177180381142
1.39940691001945
0
1.54941386549624
2.5521142867008
2.3628609421565
1.72418978635163
3.91875
2.41646772103549
2.49613015458555
3.91875
1.84366582371523
0
2.32209278475755
1.93764033695001
1.70792384497096
2.09529163153077
0
0
1.39940691001945
1.63007837870398
3.91875
0
0
1.47629739958096
0
0.972105262209947
3.01591968614128
1.56856598705477
0
2.52200805761747
2.82346527532196
0.188158982201328
1.56856598705477
3.63617507310455
1.78940964152628
2.66041093882819
0
0
1.82819897714299
0
1.52326230862086
1.87058325877772
3.91875
1.65453463590267
0.389304350914809
1.10002806674548
2.24470411771814
1.87580329987512
0
0
1.57053186873895
1.66999757642513
1.82462698164967
1.5631694165626
2.05974376392374
3.38960260767348
0
1.32903198489983
0.949308560642736
2.86094898996294
3.01410719081112
2.39672317084221
0
1.36117485551999
1.13505041449617
1.31713886939261
1.28344436307245
1.23408111833889
2.14934873262123
2.96179468401335
2.51752548141135
3.91875
1.34588075601977
2.50495497262407
2.7669150251079
1.25249818231884
1.99186313024073
1.69480130383674
0
0
1.85990750952563
1.51380617182904
1.86583629780192
0
1.2639552131144
1.05730723542109
1.81592747322941
1.47774731601497
2.70920341269411
1.35273131590639
2.13016310665719
2.00577402013706
2.1907120630217
0
1.76286885685472
2.04640367837569
1.69957547193193
1.50910580697404
0
2.3149390048728
0
0
2.03260931349315
3.49969338857228
0
1.96379344635177
1.87608061830411
1.07290668706967
0
1.95301843486231
3.91875
1.8579279272844
2.73651801813975
1.4479885121843
1.36152553886485
0
0
0
1.71125915076327
1.18687238780433
1.81461555365159
1.92833228892252
3.22106741651381
0.693099199068261
0.631490381373305
1.54755194312954
0
1.50624345766656
3.91875
0.907307776825797
0
2.16863038286247
0
1.72068838674451
1.39887095873812
0
1.73052263929776
0
1.93143643473689
0
1.71434953051927
0
1.62360875485776
1.8565081549795
2.65606266490585
2.1226195235429
0.201905225589184
1.62659413806758
1.7691522666576
2.7060145914296
2.85674587320941
2.71451010534081
0
1.66189590602971
2.12592596942226
3.10637577828493
0
1.80017924830111
1.68546051694758
1.16873544133493
0.29574438873956
1.52899848978352
0
3.03053138868659
1.89693356943195
0
1.39057509211261
3.91875
0
2.02132265595208
0
1.29241685031643
2.17163684419293
3.91875
1.2938487022787
1.89185827550986
3.91875
0.703583656181354
2.16481167314368
3.91875
2.18027461366614
2.21241838722017
2.15552835336527
0
1.45728796291042
2.99981046135624
1.97925638687422
1.97246648579138
2.76765717507284
0
1.97636548933107
1.57962383147379
0
1.65453463590267
0
1.33656950735203
0
2.19772690336026
0
3.64822665957802
3.91875
1.29888700388621
1.21455510118439
1.280754854641
1.04104722958662
1.19343066000639
0
3.91875
2.0074386191646
1.88718663480069
1.99915272859922
1.78385935782699
2.02990892442382
2.33429698132726
0.157928784791126
0
0
1.91322186837228
0
1.98842215450417
0
2.17198276827645
1.7709629021915
0
0
2.11457237948785
2.3018791018704
3.11552165345507
3.91875
1.71434953051927
3.91875
2.61484943574747
1.79981570365871
2.01791773892198
2.14470829266713
1.55684393968193
3.3372505532409
2.24783053167957
3.39865654168269
2.73636753070561
2.56683118527925
3.3496646786919
3.91875
0
2.0248328526708
2.06066512024842
2.02644291396677
2.92921048564813
2.40952401545482
1.85431731739704
0
1.69957547193193
0
3.16106426521944
1.66466958595706
0
1.16951552697365
2.9684689684387
3.14198201276503
1.48485754444785
0
2.33192814418539
3.91875
1.60535724464024
0
0
1.69817642174079
2.49651855668789
2.57267444484832
0
2.13495963462465
2.37871605170822
2.82687343019646
0
0
2.22121618735538
0
1.82531242635751
1.47539264788809
1.98566942966738
3.42059978525021
3.91875
1.82512740192516
2.40487692400652
2.55276425344207
2.43656029174246
2.09152552547846
3.64522332681178
2.47612582005327
0
2.96510391020513
1.82640257154457
3.75718902493466
1.70524503872868
0.0225524654391685
2.0565710894865
1.74144721128179
1.91248220524696
1.25433481138225
3.91875
2.06132307771987
1.14862201431037
1.8607498473885
1.87622308315028
1.87622308315028
1.87622308315028
3.91875
1.37357147674849
1.30713832254564
1.98632724498034
2.43374990181001
1.81837029332377
1.81010148947119
1.78045647390019
1.60546677659966
2.38360517640676
1.58673873487882
1.74144721128179
1.57962383147379
1.88117423852763
1.62123305520227
0
2.12791261243065
1.70647058296538
1.91669515450076
1.54016008370887
1.13367177229257
0
3.91875
2.5569107803026
1.73802825356661
2.548088872571
1.96316483592369
2.30397813784577
2.07679647248214
2.83547575010739
2.19220073344812
1.65826828451488
1.84495269843111
1.70647824334044
1.60113776906989
2.31275455532317
1.74353000999914
3.1447149188189
1.86556722185701
0.10957708856773
1.57529224852314
2.0365602637805
2.38458466257761
2.03411523352987
1.88117423852763
3.02437134157645
1.52947644655748
2.752679526302
1.74045572773231
1.90264466328549
1.42329450604467
2.01882113402965
2.26096585191393
1.50279225968665
3.11380421203614
1.54470404952269
3.91875
1.86442993627191
2.54219507593595
2.98866404176919
2.4917053318705
2.10663718377132
1.29715220894745
2.01453082651152
1.93764033695001
2.37215751007446
1.56856598705477
1.79370110060476
1.31253762363412
2.02623118439074
1.2760571433504
1.77446850355152
3.32718583135164
2.27439213241555
3.59015617596173
2.73325538356375
2.46235842435072
3.91875
1.95191296568109
1.86031363031791
2.42596631677256
2.29831232614877
2.03324267258447
1.51775009423191
1.66083457452858
2.11840955993764
1.7106346513943
1.51784869580626
3.91875
2.77359294071099
1.13755911707629
1.15166656232896
1.77555613270832
1.25969743638437
2.28376055595253
1.71293914402516
2.10659202185732
1.65176274602426
1.14841733101731
1.41507968236193
2.50499636463769
2.14934873262123
1.45557979006353
2.34229555881731
2.69116713465279
1.74669574807624
2.03781170608895
1.28470435801887
1.77707681040801
3.10563667521276
1.73145997599533
1.69957547193193
1.88138493361693
1.45746612142126
1.58768234528294
1.09886345168013
1.49735175691786
1.60953036228074
2.36006187366063
1.49300464666375
1.68200331296231
2.22619996909258
2.20440082380025
0.149123442905723
1.95484943612576
2.96783874885818
1.26698994816127
2.00352703452943
1.37215393112674
0.345701169734579
1.49735175691786
2.19037491162901
1.9940687846385
2.64957247763614
2.40023899773481
1.849061960474
1.88889354804179
2.12163910772773
2.35284898058215
1.76062239549682
2.57924333605706
2.93103950183756
0.0657462531406379
1.85431731739704
1.98444484844245
1.53781245480689
1.87994045762817
2.14826144910134
1.51536817120058
2.94886505435991
3.3605785625338
0.0414305596351625
1.42119673083963
3.0294761432287
1.98444484844245
2.16337020362988
2.86316292085321
1.8761279453008
1.95301843486231
3.91875
1.25411615901842
1.86269329746644
2.26352672603324
0.128669595538684
1.1076805379776
1.59771348144894
2.04883258209334
1.46897934963321
3.85687112627204
3.67995043240635
1.86875750537924
3.26857240366466
3.91875