ncols         1
nrows         127306
xllcorner     0
yllcorner     0
cellsize      16
NODATA_value  -9999
0
0
0
0
0
0
0
0
0
0
0
0
0
0
0
0
0
0
0
0
0
0
0
0
0
0
0
0
0
0
0
0
0
0
0
0
0
0
0
0
0
0
0
0
0
0
0
0
0
0
0
0
0
0
0
0
0
0
0
0
0
0
0
0
3.77010529306973
4.97216785028036
0
0
0
0
0
0
0
0
0
0
0
0
0
0
0
0
0
0
0
0
0
0
0
0
0
0
0
0
0
0
0
0
0
0
0
0
0
0
0
0
0
0
0
0
0
0
0
0
0
0
0
0
0
0
0
0
0
0
0
0
0
0
0
0
0
0
0
0
0
0
0
0
0
0
0
0
0
0
0
0
0
0
0
0
0
0
0
0
0
0
0
0
0
0
0
0
0
0
0
0
0
0
0
0
0
0
0
0
0
0
0
0
0
0
0
0
0
0
0
0
0
0
0
0
0
0
0
0
0
0
7
0
0
0
0
0
0
2.472268372504
0
5.14490964712237
3.18647923567182
0
0
0
0
1.76142751887263
6.04370086987721
0.816098493018924
3.18647923567182
0
2.41732907533724
1.55420075194644
0
0
1.41230675212083
0
0
1.46581473388664
2.10406183371726
7
0
0
0
0
0
0
2.43832942223758
4.16012597096308
0
0
6.44361988170161
0
2.23264349510709
1.41406078660271
7
0
0
0
0
0
0
0
0
0
0
0
0
0
0
0
0
0
0
0
0
0
0
0
0
0
0
0
0
0
0
0
0
0
0
0
0
0
0
0
0
0
0
0
0
0
0
0
0
0
0
0
0
0
0
0
0
0
0
0
0
0
2.82165660486545
4.1023464435886
0
0
0
0
2.32912608209508
0
0
0
0
0
0
0
0
0
6.62256424774017
4.24595272688711
2.65163535083628
0
0
0
0
0
4.0446545215729
0
0
1.94489324311988
0
0
0
1.63808232455434
0
0
0
0
0
0
4.44907646197821
0
0
0
0
3.97675758451669
0
0
0
0
0
0
0
0
3.13083049452469
0.564646425421901
1.04125200539692
0
5.34295942295484
0
4.18114863390679
0
0
2.4969563702621
0
0
0
4.78666522483539
0
0
0
0
0.726335534930014
0
2.25860772925357
0
0
0
0
0
0
0
0
3.06960857224795
0
4.36656108691721
3.49191605815128
1.22500235929049
0
0
0
0
3.5285926035413
0
0
5.2546752062902
5.0843487445101
0
0
0
0
0
0
0
0
0
0
0
0
0
2.74696961624197
0
0
1.57525283689297
2.78833651781466
0
0
0
0
0
0
0
2.58740731272638
0
0
0
0
0
0
0
0
0
3.4023289434264
0
0
0
0
0
0
0
0
0
0
0
0
0
0
0
0
0
0
0
0
0
0
0
1.03412117863642
0
0
0
0
0
0
0
3.55154846448597
2.5887214008003
0
0
0
1.81183102347875
2.22095415781266
0
2.8788937213608
0
0
0
0
0
0
0
3.34998542121984
0
0
0
0
0
0
0
0
0
0
0
0
0
0
0
0
0
0
2.22095415781266
0
1.57804637528794
0
0
0
0
0
3.87977783169
0
0
0
0
0
0
1.87082395231092
0
0
0
0
0
0
0
4.53375110298212
0
0
0
0
0
0
0
0
0
3.24141853283858
0
0
0
0
2.15011359111708
0
0
0
0
2.52720766967075
0
0
0
0
0
0
3.79081150450613
0
0
0
0
0
0
0
1.56900180973409
0.783965368857523
0
2.64951589597684
0
0
0
0
0
0
0
0
2.50658991330619
3.64599860739988
0
0
0
0
0
0
3.15009275022993
0
0
0
0
0
0
0
0
0
0
0
0
0
0
0
0
0
0
0
0
0
4.43584489318093
2.18262794436274
0
0
0
2.22194221535156
0
0
0
0
0
0
0
0
0
4.23248490729818
0
0
0
0
0
0
4.83465815067448
0
0
0
6.43972607993215
0
0
0
7
0
0
0
0
0
0
3.21617029461057
0.810690379334731
0
0
0
0
0
0
0
0
0
1.86676362534134
0
0
0
0
0
3.50676972286209
0
0
0
0
2.12603635108319
0
3.22702341406228
0
7
0
0
0
0
0
0
0
0
0
0
0
0
0
0
0
0
0
0
0
0
0
0
0
0
0
0
0
0
3.95399181788978
0
0
0
0
0
0
0
0
0
0
0
0
0
0
0
0
0
0
0
0
0
2.7068777539787
0
7
0
0
0
1.308588055164
0
0
0
0
0
0
0
2.72660370958958
0
0
0
0
0
0
0
0
0
0
0
0
0
2.47316538987772
0
0
2.58214696683751
0
0
0
0
0
0
0
0
0
0
0
0
0
0
0
0
0
0
0
7
0
0
0
0
0
0
0
0
7
0
0
4.64984629667013
0
0
0
0
0.946020218153968
0
0
0
0
0
0
0
0
0
0
0
0
0
0
0
0
0
0
0
0
0
0
0
0
0
0
0
0
0
0
0
0
0
0
0
0
0
0
0
0
0
0
0
0
0
0
0
0
0
0
0
0
0
0
0
0
0
0
0
0
0
0
0
0
0
0
7
0
0
0
0
0
0
0
0
0
0
0
0
0
0
0
0
0
0
0
0
0
0
0
0
0
0
0
0
0
0
0
0
0
0
0
0
0
0
0
0
0
0
0
0
0
0
0
0
0
0
0
0
0
0
0
0
0
0
0
0
0
0
0
0
0
0
0
0
0
0
0
0
0
0
0
0
0
0
0
0
0
0
0
0
0
0
0
0
0
0
0
0
0
0
0
0
0
0
0
0
0
0
0
0
0
0
0
0
0
0
0
0
0
0
0
0
0
0
0
0
0
0
0
0
0
0
0
0
0
0
0
0
0
0
0
0
0
0
0
0
0
0
0
0
0
0
0
0
0
0
0